PolyA SAM 50 0 4 50 0.000
	0 LUT 2 1 4 0 0.000
		0.000	0.000	0.000	0.000	
		0.415	-0.585	-0.585	0.415	
		0.585	-1.000	0.585	-1.000	
		0.678	-0.322	-0.322	-0.322	
	1 LUT 2 1 4 0 0.000
		1.000	-1.000	-1.000	0.000	
		0.000	0.000	0.000	0.000	
		1.000	-0.585	-0.585	-0.585	
		0.678	-0.322	-0.322	-0.322	
	2 LUT 2 1 4 0 0.000
		-1.322	-1.322	-1.322	1.485	
		0.000	0.000	0.000	0.000	
		0.000	0.000	0.000	0.000	
		-0.322	-0.322	-0.322	0.678	
	3 LUT 2 1 4 0 0.000
		0.000	0.000	0.000	0.000	
		0.000	0.000	0.000	0.000	
		0.000	0.000	0.000	0.000	
		1.348	-1.459	-0.459	-1.459	
	4 LUT 2 1 4 0 0.000
		1.485	-1.322	-1.322	-1.322	
		0.000	0.000	0.000	0.000	
		0.678	-0.322	-0.322	-0.322	
		0.000	0.000	0.000	0.000	
	5 LUT 2 1 4 0 0.000
		1.541	-1.459	-1.459	-1.459	
		0.000	0.000	0.000	0.000	
		0.000	0.000	0.000	0.000	
		0.000	0.000	0.000	0.000	
	6 LUT 2 1 4 0 0.000
		0.541	-0.459	-0.459	0.126	
		0.000	0.000	0.000	0.000	
		0.000	0.000	0.000	0.000	
		0.000	0.000	0.000	0.000	
	7 LUT 2 1 4 0 0.000
		0.193	-0.807	0.193	0.193	
		-0.322	-0.322	0.678	-0.322	
		-0.322	-0.322	-0.322	0.678	
		-0.585	0.415	-0.585	0.415	
	8 LUT 2 1 4 0 0.000
		-0.322	-0.322	-0.322	0.678	
		-0.322	0.678	-0.322	-0.322	
		1.000	-0.585	-0.585	-0.585	
		0.193	-0.807	0.193	0.193	
	9 LUT 2 1 4 0 0.000
		0.193	-0.807	0.193	0.193	
		-0.322	-0.322	0.678	-0.322	
		-0.322	0.678	-0.322	-0.322	
		-0.585	0.415	-0.585	0.415	
	10 LUT 2 1 4 0 0.000
		0.678	-0.322	-0.322	-0.322	
		0.415	-0.585	0.415	-0.585	
		-0.585	-0.585	0.415	0.415	
		1.000	-0.585	-0.585	-0.585	
	11 LUT 2 1 4 0 0.000
		0.000	0.000	0.000	0.000	
		0.000	0.000	0.000	0.000	
		1.000	-0.585	-0.585	-0.585	
		-0.322	-0.322	0.678	-0.322	
	12 LUT 2 1 4 0 0.000
		-0.807	0.193	-0.807	0.778	
		-0.322	-0.322	-0.322	0.678	
		1.000	-0.585	-0.585	-0.585	
		-0.322	-0.322	-0.322	0.678	
	13 LUT 2 1 4 0 0.000
		0.415	0.415	-0.585	-0.585	
		-0.322	-0.322	0.678	-0.322	
		0.000	0.000	0.000	0.000	
		1.000	0.000	-1.000	-1.000	
	14 LUT 2 1 4 0 0.000
		1.322	-1.000	-1.000	-1.000	
		0.415	0.415	-0.585	-0.585	
		0.678	-0.322	-0.322	-0.322	
		0.000	0.000	0.000	0.000	
	15 LUT 2 1 4 0 0.000
		-0.322	0.678	-0.322	-0.322	
		0.678	-0.322	-0.322	-0.322	
		0.000	0.000	0.000	0.000	
		0.000	0.000	0.000	0.000	
	16 LUT 2 1 4 0 0.000
		-0.585	-0.585	-0.585	1.000	
		-0.807	-0.807	0.193	0.778	
		0.678	-0.322	-0.322	-0.322	
		-0.322	-0.322	-0.322	0.678	
	17 LUT 2 1 4 0 0.000
		-0.322	-0.322	-0.322	0.678	
		0.000	0.000	0.000	0.000	
		-0.322	-0.322	0.678	-0.322	
		0.415	-0.170	-1.170	0.415	
	18 LUT 2 1 4 0 0.000
		0.415	-0.585	-0.585	0.415	
		-0.322	-0.322	-0.322	0.678	
		0.678	-0.322	-0.322	-0.322	
		-0.807	0.778	0.193	-0.807	
	19 LUT 2 1 4 0 0.000
		-0.585	0.415	-0.585	0.415	
		-0.585	-0.585	-0.585	1.000	
		0.678	-0.322	-0.322	-0.322	
		-0.585	0.415	-0.585	0.415	
	20 LUT 2 1 4 0 0.000
		0.678	-0.322	-0.322	-0.322	
		-0.585	-0.585	0.415	0.415	
		0.000	0.000	0.000	0.000	
		-1.000	0.585	0.000	0.000	
	21 LUT 2 1 4 0 0.000
		-0.322	-0.322	-0.322	0.678	
		0.415	0.415	-0.585	-0.585	
		0.415	0.415	-0.585	-0.585	
		1.000	-0.585	-0.585	-0.585	
	22 LUT 2 1 4 0 0.000
		1.000	-1.000	0.000	-1.000	
		1.000	-0.585	-0.585	-0.585	
		0.000	0.000	0.000	0.000	
		-0.322	-0.322	-0.322	0.678	
	23 LUT 2 1 4 0 0.000
		-1.170	-0.170	-0.170	0.830	
		0.000	0.000	0.000	0.000	
		-0.322	-0.322	-0.322	0.678	
		-0.322	-0.322	-0.322	0.678	
	24 LUT 2 1 4 0 0.000
		0.000	0.000	0.000	0.000	
		-0.322	0.678	-0.322	-0.322	
		0.678	-0.322	-0.322	-0.322	
		0.415	0.415	-1.170	-0.170	
	25 LUT 2 1 4 0 0.000
		-0.807	0.193	-0.807	0.778	
		0.193	-0.807	0.193	0.193	
		0.000	0.000	0.000	0.000	
		-0.322	-0.322	-0.322	0.678	
	26 LUT 2 1 4 0 0.000
		0.678	-0.322	-0.322	-0.322	
		-0.322	-0.322	-0.322	0.678	
		0.678	-0.322	-0.322	-0.322	
		0.000	0.585	-1.000	0.000	
	27 LUT 2 1 4 0 0.000
		-0.807	0.778	-0.807	0.193	
		1.000	-0.585	-0.585	-0.585	
		0.000	0.000	0.000	0.000	
		-0.585	-0.585	0.415	0.415	
	28 LUT 2 1 4 0 0.000
		1.000	-0.585	-0.585	-0.585	
		-0.585	-0.585	0.415	0.415	
		-0.322	-0.322	0.678	-0.322	
		-0.585	-0.585	-0.585	1.000	
	29 LUT 2 1 4 0 0.000
		0.415	-0.585	-0.585	0.415	
		0.000	0.000	0.000	0.000	
		-0.585	0.415	0.415	-0.585	
		-0.807	-0.807	0.193	0.778	
	30 LUT 2 1 4 0 0.000
		-0.322	-0.322	-0.322	0.678	
		0.678	-0.322	-0.322	-0.322	
		0.415	-0.585	-0.585	0.415	
		-0.807	0.193	0.193	0.193	
	31 LUT 2 1 4 0 0.000
		-0.585	0.415	0.415	-0.585	
		-0.322	-0.322	0.678	-0.322	
		-0.322	-0.322	-0.322	0.678	
		-0.807	-0.807	0.778	0.193	
	32 LUT 2 1 4 0 0.000
		0.000	0.000	0.000	0.000	
		0.678	-0.322	-0.322	-0.322	
		0.585	0.000	-1.000	0.000	
		0.415	-0.585	-0.585	0.415	
	33 LUT 2 1 4 0 0.000
		0.000	-1.000	0.585	0.000	
		0.678	-0.322	-0.322	-0.322	
		0.000	0.000	0.000	0.000	
		-0.585	-0.585	-0.585	1.000	
	34 LUT 2 1 4 0 0.000
		0.415	-0.585	-0.585	0.415	
		0.000	0.000	0.000	0.000	
		0.415	0.415	-0.585	-0.585	
		0.193	-0.807	0.193	0.193	
	35 LUT 2 1 4 0 0.000
		0.193	-0.807	0.193	0.193	
		-0.322	0.678	-0.322	-0.322	
		-0.322	0.678	-0.322	-0.322	
		-0.585	-0.585	-0.585	1.000	
	36 LUT 2 1 4 0 0.000
		0.678	-0.322	-0.322	-0.322	
		-0.585	-0.585	0.415	0.415	
		-0.322	0.678	-0.322	-0.322	
		0.193	-0.807	0.193	0.193	
	37 LUT 2 1 4 0 0.000
		0.415	-0.585	-0.585	0.415	
		-0.322	-0.322	-0.322	0.678	
		0.415	0.415	-0.585	-0.585	
		0.415	-0.585	-0.585	0.415	
	38 LUT 2 1 4 0 0.000
		0.193	0.193	-0.807	0.193	
		0.678	-0.322	-0.322	-0.322	
		0.000	0.000	0.000	0.000	
		-0.807	0.193	-0.807	0.778	
	39 LUT 2 1 4 0 0.000
		0.415	0.415	-0.585	-0.585	
		-0.585	-0.585	0.415	0.415	
		0.000	0.000	0.000	0.000	
		0.193	0.778	-0.807	-0.807	
	40 LUT 2 1 4 0 0.000
		-0.585	-0.585	-0.585	1.000	
		0.778	-0.807	0.193	-0.807	
		0.678	-0.322	-0.322	-0.322	
		-0.322	0.678	-0.322	-0.322	
	41 LUT 2 1 4 0 0.000
		-0.807	-0.807	0.778	0.193	
		-0.322	0.678	-0.322	-0.322	
		-0.322	-0.322	-0.322	0.678	
		0.415	-0.585	0.415	-0.585	
	42 LUT 2 1 4 0 0.000
		0.678	-0.322	-0.322	-0.322	
		-0.322	-0.322	0.678	-0.322	
		-0.807	0.193	-0.807	0.778	
		-0.585	0.415	0.415	-0.585	
	43 LUT 2 1 4 0 0.000
		-0.322	-0.322	-0.322	0.678	
		1.000	-0.585	-0.585	-0.585	
		1.000	-0.585	-0.585	-0.585	
		-0.585	-0.585	-0.585	1.000	
	44 LUT 2 1 4 0 0.000
		0.585	-1.000	0.000	0.000	
		0.000	0.000	0.000	0.000	
		0.000	0.000	0.000	0.000	
		0.193	-0.807	-0.807	0.778	
	45 LUT 2 1 4 0 0.000
		0.778	-0.807	0.193	-0.807	
		0.000	0.000	0.000	0.000	
		-0.322	0.678	-0.322	-0.322	
		0.193	-0.807	-0.807	0.778	
	46 LUT 2 1 4 0 0.000
		0.778	-0.807	-0.807	0.193	
		-0.322	-0.322	0.678	-0.322	
		-0.322	-0.322	-0.322	0.678	
		-0.585	0.415	0.415	-0.585	
	47 LUT 2 1 4 0 0.000
		-0.585	-0.585	0.415	0.415	
		-0.322	0.678	-0.322	-0.322	
		-0.585	0.415	-0.585	0.415	
		-0.585	-0.585	-0.585	1.000	
	48 LUT 2 1 4 0 0.000
		0.000	0.000	0.000	0.000	
		0.415	-0.585	-0.585	0.415	
		-0.322	-0.322	0.678	-0.322	
		-1.000	-1.000	-1.000	1.322	
	49 LUT 2 1 4 0 0.000
		0.678	-0.322	-0.322	-0.322	
		0.000	0.000	0.000	0.000	
		0.678	-0.322	-0.322	-0.322	
		0.000	0.585	-1.000	0.000	
